
strategic_region={
	id=120
	name="STRATEGICREGION_120"
	provinces={
		3 30 38 78 80 90 95 98 99 134 136 148 151 175 180 187 197 204 206 219 228 248 257 259 260 272 286 300 310 326 332 341 368 386 391 395 422 425 462 491 500 530 537 558 576 643 652 658 694 701 739 743 744 747 755 773 847 877 884 919 952 968 974 1019 1020 1029 1087 1107 1118 1158 1159 1187 1192 1195 1243 1347 1357 1363 1376 1400 1459 1461 1560 1653 1691 1757 1761 1782 1945 1963 1981 2002 2022 2029 2049 2055 2065 2067 2073 2080 2120 2196 2276 2344 2346 2360 2421 2518 2533 2543 2545 2550 2677 2726 2791 2879 2904 2932 2974 3018 3108 3128 3146 3185 3213 3367 3371 3373 3410 3415 3468 3480 3510 3524 3530 3532 3542 3736 3798 3889 3916 3932 4052 4053 4257 4274 4304 4415 4474 4540 4541 4658 4784 4810 4815 4919 4997 5076 5155 5165 5223 5295 5424 5427 5453 5526 5554 5681 5789 5814 5868 5888 5924 5934 6021 6063 6157 6217 6225 6245 6317 6318 6365 6373 6425 10432 10438 10441 10452 10453 10454 10456 10457 10458 10463 10464 10469 10477 10478 10482 10483 10484 10485 10486 10489 10490 10491 10499 10507 10514 10521 10522 10523 10524 10525 10526 10527 10528 10529 10534 10535 10537 10538 10544 10549 10550 10551 10555 10556 10557 10559 10560 10561 10562 10564 10565 10568 10571 10572 10573 10578 10579 10580 10587 10588 10589 10595 10609 10618 10619 10620 10639 10654 10663 10692 10698 10709 10710 10721 10724 10741 10748 10762 10769 10771 10784 10790 10797 10799 10811 10819 10865 10872 10879 10891 11016 11050 11086 11099 11112 11113 11131 11140 11151 13794
	}
	weather={
	}
}
