
strategic_region={
	id=63
	name="STRATEGICREGION_63"
	provinces={
		11654 11679 11725 11796 11799 11830 11878 11888 11932 11986 11999 12026 12072 12076 12095 12102 12129 12132 12156 12162 12287 12299 12302 12334 12411 12509 12611 12644 12668 12672 12684 12713 12744 12857 12861 12929 12930 12932 12942 12943 12972 12999 13033 13051 13063 13079 13080 13090 13235 13315 13323 13350 13351 13373 13374 13395 13407 13436 13495 13508 13516 13555 13579 13586 13617 13679 13786 13792 14077 14090 14092 14094 14096 14110 14118 14126 14133 14138 14149 14152 14154 
	}
	naval_terrain=water_deep_ocean
	weather={
	}
}
