state={
	id=137
	name="STATE_461"
	resources={
		chromium=12.000
	}
	manpower = 3197719
	state_category = rural
	history={
		owner = FRA
		add_core_of=SWE
		victory_points = {
			10394 10
		}
		buildings = {
			infrastructure = 3
			industrial_complex = 1
			air_base = 4
			10362= {
				naval_base = 4
			}
		}
	}
	provinces={
		578 702 1284 1426 1747 2023 2169 2436 2597 3161 3347 3445 3455 3506 3638 3711 3813 3894 4012 4033 4300 4624 4668 4691 4767 4865 4945 5106 5115 5360 5364 5390 5408 5769 5854 5972 5991 6077 6120 6170 6204 6372 10230 10236 10240 10251 10260 10271 10273 10274 10275 10277 10278 10284 10289 10290 10294 10295 10296 10301 10302 10303 10314 10317 10318 10319 10320 10325 10329 10337 10339 10340 10346 10347 10357 10362 10366 10371 10375 10376 10383 10385 10389 10394 10395 10400 10401 10411 10419 10423 10425 10429 10436 10437 10449 10455 10461 10467 10496 10504 10510 10518 10543 10547
	}
}
