state={
	id=142
	name="STATE_514"
	manpower = 207733
	state_category = wasteland
	impassable = yes
	history={
		owner = FRA
		add_core_of=SWE
		buildings = {
			infrastructure = 0
		}
	}
	provinces={
		3 78 80 98 136 151 219 248 310 395 425 462 576 643 658 701 739 884 968 974 1019 1020 1158 1159 1195 1357 1400 1459 1653 2002 2029 2067 2073 2196 2344 2346 2421 2518 2533 2543 2726 2932 3108 3185 3213 3367 3410 3415 3468 3510 3530 3532 3542 3736 3798 3916 4052 4053 4274 4415 4474 4658 4815 4997 5155 5223 5295 5424 5427 5453 5526 5681 5789 5868 5888 6021 6063 6157 6217 6317 6318 6365 6373 6425 10432 10438 10441 10452 10453 10454 10456 10457 10458 10463 10464 10469 10477 10478 10482 10483 10484 10485 10486 10489 10490 10491 10499 10507 10514 10521 10522 10523 10524 10525 10526 10527 10528 10529 10534 10535 10537 10538 10544 10549 10550 10551 10555 10556 10557 10559 10560 10561 10562 10564 10565 10568 10571 10572 10573 10578 10579 10580 10587 10588 10589 10595 10609 10618 10619 10620 10639 10654 10663 10692 10721 11050
	}
}
