state={
id=560
name="STATE_513"
manpower = 811486
state_category = wasteland
history={
owner = FRA
add_core_of=SWE
victory_points = {
10244 1
}
buildings = {
infrastructure = 2
}
}
provinces={
		710 759 1305 1339 1418 1550 1675 1728 1860 1899 1919 2092 2110 2351 2402 2501 2674 2720 2964 3069 3112 3132 3144 3308 3340 3622 3649 3868 3880 3884 4264 4265 4334 4388 4414 4496 4559 4634 4740 4820 4826 4889 4930 5110 5344 5480 5713 5804 5819 5951 6033 6104 6161 6433 6438 10179 10182 10187 10188 10189 10197 10202 10208 10209 10214 10215 10216 10217 10227 10231 10238 10239 10241 10242 10243 10244 10249 10253 10257 10258 10262 10263 10264 10265 10267 10272 10276 10280 10281 10282 10286 10287 10293 10298 10299 10304 10308 10309 10310 10311 10312 10323 10327 10328 10331 10332 10333 10338 10342 10343 10350 10351 10363 10368 10369 10370 10373 10380 10388 10398 10399 10402 10408 10414 10421 10431 
	}
}