state={
id=708
name="STATE_558"
manpower = 19757000
state_category = rural
resources={
rubber=7
}
history={
owner = ENG
add_core_of=SWE
buildings = {
infrastructure = 3
arms_factory = 0
industrial_complex = 1
3955 = {
naval_base = 3
}
}
victory_points = {
3955 1
}
}
provinces={
		74 132 133 239 267 355 581 597 614 619 822 825 857 1055 1072 1083 1111 1116 1188 1207 1300 1365 1373 1470 1473 1580 1752 1817 1841 1907 2032 2033 2038 2051 2339 2454 2522 2549 2578 2769 2803 3046 3062 3093 3169 3360 3403 3660 3789 3933 3937 3955 4088 4287 4340 4416 4695 4728 4790 4791 5104 5348 5406 5443 5491 5600 5800 5870 5967 6275 6285 11199 11201 11208 11216 11218 11228 11230 11244 11248 11249 11251 11253 11267 11272 11275 11276 11286 11294 11296 11299 11301 11307 11580
	}
}
