

state={
	id=779
	name="STATE_351" # Vologda
	manpower = 2354971
	
	state_category = town

	history={
		owner = SOV
		buildings = {
			infrastructure = 3
		}
		add_core_of = SOV
		victory_points = {
			6757 3
		}
	}

	provinces={
		43 811 945 1289 1320 1326 1456 1476 1548 1794 1943 1955 1971 2117 2373 2521 2537 2749 2796 3271 3382 3752 1888 3463 4610 5970 6696 6702 6703 6706 6712 3806 3900 4204 4364 4520 4772 4778 4781 4845 5090 5177 5280 5320 5380 5388 5631 5644 5815 5890 5923 6036 6184 6708 6713 6719 6722 6730 6731 6732 6736 6749 6756 6757 6766 6767 6780 6807 6824 6886 
	}
}
