state={
	id=837
	name="Arabian desert"
	state_category = rural
	resources={
}
	provinces={
		212 508 972 1011 1084 1146 1285 1367 1475 1592 1695 1699 1732 2149 2448 2582 2593 2806 2860 2900 2908 2919 2939 3075 3260 3335 3352 3477 3515 3788 3883 3938 4148 4272 4336 4344 5217 5226 5309 5322 5357 5392 5632 5706 5914 5981 5998 6043 6220 6284 10796 10805 10816 10817 10828 10832 10834 10836 10842 10847 10848 10849 10852 10857 10863 10870 10875 10878 10888 10895 10898 10901 10905 10906 10907 10910 10924 10931 10932 10935 10936 10937 10940 10943 10945 10953 10959 10960 
		22 215 651 668 1278 1758 1989 2068 2096 2192 2205 2715 3323 3491 3745 4037 4279 4315 4523 4807 5045 5152 5176 5178 5215 5221 5312 5440 5699 5937 6212 6367 6378 6382 10615 10628 10638 10671 10702 10728 10733 10734 10740 10752 10761 10766 10777 10783 10788 10795 10801 10804 10810 10820 10822 10827 10835 10841 10845 10846 10854 10856 10860 10861 10862 10869 10874 10882 10883 10887 10890 10897 
	}
	manpower=1
	buildings_max_level_factor=1.000
}
